268 201
304 133
272 199
287 62
206 226
304 142
304 160
14 150
280 59
14 168
75 44
157 244
14 186
145 117
156 117
24 65
248 209
223 36
226 218
304 119
170 128
304 128
304 146
216 33
0 0
14 136
151 123
171 138
294 190
14 154
0 256
29 63
14 172
152 124
88 216
66 48
302 68
145 121
304 105
159 123
170 123
304 123
304 132
21 189
148 122
148 131
311 256
186 234
14 140
230 39
14 158
24 190
152 128
107 224
139 18
117 27
166 130
51 54
304 91
100 221
304 109
154 12
110 225
304 127
290 192
226 37
228 217
248 46
14 117
148 117
166 13
148 126
148 135
14 144
43 198
159 10
93 37
31 62
233 215
166 125
171 240
304 95
162 11
270 200
304 113
170 122
167 135
170 131
245 45
14 103
14 121
148 121
14 130
151 117
122 230
162 123
173 123
73 45
173 132
213 223
139 237
255 49
155 120
166 120
304 81
250 208
132 234
304 99
181 19
159 117
170 126
16 68
14 107
125 231
14 125
115 28
14 134
53 202
255 206
189 233
191 23
173 136
130 22
46 199
68 208
184 20
158 120
304 85
235 214
61 205
277 58
14 93
14 111
270 55
147 240
277 197
304 71
166 128
304 89
14 79
14 97
304 174
80 42
206 29
75 211
58 51
14 115
173 117
162 117
157 11
95 36
162 135
297 189
169 241
304 75
285 61
14 83
154 243
100 34
38 59
14 101
304 178
174 239
150 138
137 19
173 121
211 224
165 117
154 117
213 32
156 135
90 217
14 69
160 123
160 132
14 87
304 164
299 67
304 182
93 218
253 207
122 25
191 232
153 138
292 64
145 130
299 188
26 191
56 52
34 61
196 230
14 73
320 256
309 256
304 150
235 41
304 168
102 33
304 186
228 38
14 176
164 120
145 125
145 134
168 117
157 117
304 136
14 77
144 16
304 154
312 256
301 256
115 227
218 221
304 172
164 12
14 162
152 123
14 180
152 132
36 195
156 120
319 254
156 138
145 138
29 192
98 35
304 140
260 204
36 60
112 226
238 213
198 229
304 158
176 238
238 42
14 148
151 135
260 51
275 198
14 166
152 127
14 184
41 58
253 48
171 15
78 43
304 117
280 196
48 200
304 126
170 135
159 135
304 135
304 144
174 16
163 123
163 132
14 152
51 201
14 170
189 22
21 66
120 26
164 123
145 119
267 54
304 103
194 231
304 121
304 130
144 239
148 120
148 129
302 187
14 138
148 138
240 212
63 49
137 236
14 156
186 21
152 117
130 233
307 256
203 28
43 57
245 210
58 204
167 120
304 107
80 213
196 25
304 125
304 134
282 195
171 117
73 210
148 124
151 120
148 133
14 142
14 160
282 60
147 15
144 117
85 40
155 123
166 123
166 132
155 132
275 57
304 93
304 111
159 120
170 120
170 129
262 203
152 242
159 138
14 119
14 128
163 117
148 128
14 146
218 34
173 130
127 23
105 32
154 135
267 201
211 31
166 127
304 79
158 123
142 17
158 132
304 97
216 222
304 115
170 124
170 133
310 256
83 214
14 105
14 123
14 132
173 125
243 211
19 67
173 134
221 220
290 63
159 245
16 187
258 205
304 83
304 101
19 188
14 91
102 222
14 109
61 50
14 127
201 228
162 120
95 219
173 138
162 138
221 35
243 44
107 31
155 117
304 69
98 220
181 236
304 87
297 66
14 95
161 123
14 113
112 29
31 193
154 120
149 14
240 43
165 138
285 194
223 219
304 73
233 40
14 81
250 47
14 99
26 64
304 176
166 242
105 223
127 232
173 119
173 128
265 202
203 227
120 229
169 14
38 196
304 77
134 20
68 47
46 56
14 85
304 162
208 225
41 197
304 180
179 18
313 256
83 41
262 52
34 194
56 203
117 228
145 128
265 53
134 235
88 39
157 120
14 71
162 244
304 148
168 138
14 89
258 50
125 24
304 166
176 17
150 117
198 26
304 184
14 174
70 209
145 123
145 132
194 24
63 206
160 120
14 75
304 152
110 30
179 237
304 170
48 55
153 117
272 56
66 207
14 178
152 130
149 241
287 193
145 118
184 235
53 53
145 136
142 238
152 13
304 138
90 38
292 191
304 156
208 30
230 216
164 243
14 164
85 215
201 27
152 125
14 182
319 0
78 212
294 65
164 135
319 256
308 256
132 21
70 46
